0.01	1.01995
0.02	1.0398
0.03	1.05954
0.04	1.07918
0.05	1.09871
0.06	1.11813
0.07	1.13744
0.08	1.15663
0.09	1.17571
0.1	1.19467
0.11	1.21351
0.12	1.23223
0.13	1.25083
0.14	1.2693
0.15	1.28765
0.16	1.30586
0.17	1.32395
0.18	1.3419
0.19	1.35972
0.2	1.37741
0.21	1.39495
0.22	1.41236
0.23	1.42962
0.24	1.44674
0.25	1.46372
0.26	1.48055
0.27	1.49723
0.28	1.51377
0.29	1.53015
0.3	1.54638
0.31	1.56245
0.32	1.57837
0.33	1.59413
0.34	1.60973
0.35	1.62517
0.36	1.64045
0.37	1.65556
0.38	1.67051
0.39	1.68529
0.4	1.6999
0.41	1.71434
0.42	1.72861
0.43	1.74271
0.44	1.75663
0.45	1.77038
0.46	1.78395
0.47	1.79734
0.48	1.81055
0.49	1.82358
0.5	1.83643
0.51	1.8491
0.52	1.86158
0.53	1.87387
0.54	1.88598
0.55	1.8979
0.56	1.90963
0.57	1.92117
0.58	1.93251
0.59	1.94366
0.6	1.95462
0.61	1.96538
0.62	1.97595
0.63	1.98632
0.64	1.99649
0.65	2.00646
0.66	2.01623
0.67	2.02579
0.68	2.03516
0.69	2.04432
0.7	2.05328
0.71	2.06203
0.72	2.07058
0.73	2.07891
0.74	2.08704
0.75	2.09497
0.76	2.10268
0.77	2.11018
0.78	2.11747
0.79	2.12455
0.8	2.13142
0.81	2.13807
0.82	2.14451
0.83	2.15074
0.84	2.15675
0.85	2.16254
0.86	2.16812
0.87	2.17348
0.88	2.17863
0.89	2.18356
0.9	2.18826
0.91	2.19275
0.92	2.19702
0.93	2.20107
0.94	2.2049
0.95	2.20851
0.96	2.2119
0.97	2.21507
0.98	2.21802
0.99	2.22074
1	2.22324
1.01	2.22552
1.02	2.22758
1.03	2.22942
1.04	2.23103
1.05	2.23242
1.06	2.23358
1.07	2.23453
1.08	2.23524
1.09	2.23574
1.1	2.23601
1.11	2.23606
1.12	2.23588
1.13	2.23548
1.14	2.23486
1.15	2.23402
1.16	2.23295
1.17	2.23165
1.18	2.23014
1.19	2.2284
1.2	2.22644
1.21	2.22425
1.22	2.22184
1.23	2.21922
1.24	2.21636
1.25	2.21329
1.26	2.21
1.27	2.20648
1.28	2.20275
1.29	2.19879
1.3	2.19462
1.31	2.19022
1.32	2.18561
1.33	2.18077
1.34	2.17572
1.35	2.17045
1.36	2.16497
1.37	2.15927
1.38	2.15335
1.39	2.14721
1.4	2.14087
1.41	2.1343
1.42	2.12753
1.43	2.12054
1.44	2.11334
1.45	2.10593
1.46	2.09831
1.47	2.09047
1.48	2.08243
1.49	2.07418
1.5	2.06573
1.51	2.05706
1.52	2.04819
1.53	2.03912
1.54	2.02984
1.55	2.02036
1.56	2.01068
1.57	2.0008
1.58	1.99071
1.59	1.98043
1.6	1.96995
1.61	1.95927
1.62	1.9484
1.63	1.93733
1.64	1.92606
1.65	1.91461
1.66	1.90296
1.67	1.89113
1.68	1.8791
1.69	1.86689
1.7	1.85449
1.71	1.8419
1.72	1.82913
1.73	1.81618
1.74	1.80304
1.75	1.78973
1.76	1.77623
1.77	1.76256
1.78	1.74871
1.79	1.73469
1.8	1.72049
1.81	1.70612
1.82	1.69159
1.83	1.67688
1.84	1.662
1.85	1.64696
1.86	1.63175
1.87	1.61638
1.88	1.60085
1.89	1.58516
1.9	1.56931
1.91	1.5533
1.92	1.53714
1.93	1.52083
1.94	1.50436
1.95	1.48774
1.96	1.47097
1.97	1.45406
1.98	1.437
1.99	1.41979
2	1.40245
2.01	1.38496
2.02	1.36734
2.03	1.34958
2.04	1.33168
2.05	1.31365
2.06	1.29549
2.07	1.2772
2.08	1.25878
2.09	1.24024
2.1	1.22157
2.11	1.20278
2.12	1.18387
2.13	1.16484
2.14	1.1457
2.15	1.12644
2.16	1.10707
2.17	1.08758
2.18	1.06799
2.19	1.04829
2.2	1.02849
2.21	1.00859
2.22	0.988579
2.23	0.968473
2.24	0.94827
2.25	0.927973
2.26	0.907583
2.27	0.887101
2.28	0.866532
2.29	0.845875
2.3	0.825134
2.31	0.804311
2.32	0.783407
2.33	0.762425
2.34	0.741366
2.35	0.720234
2.36	0.699029
2.37	0.677754
2.38	0.656412
2.39	0.635004
2.4	0.613533
2.41	0.592
2.42	0.570408
2.43	0.548759
2.44	0.527055
2.45	0.505298
2.46	0.483491
2.47	0.461635
2.48	0.439734
2.49	0.417788
2.5	0.395801
2.51	0.373774
2.52	0.351709
2.53	0.32961
2.54	0.307477
2.55	0.285314
2.56	0.263122
2.57	0.240904
2.58	0.218662
2.59	0.196398
2.6	0.174114
2.61	0.151813
2.62	0.129497
2.63	0.107167
2.64	0.0848273
2.65	0.0624789
2.66	0.0401242
2.67	0.0177655
2.68	-0.00459502
2.69	-0.026955
2.7	-0.0493124
2.71	-0.0716648
2.72	-0.09401
2.73	-0.116346
2.74	-0.13867
2.75	-0.16098
2.76	-0.183275
2.77	-0.205551
2.78	-0.227806
2.79	-0.250038
2.8	-0.272246
2.81	-0.294426
2.82	-0.316577
2.83	-0.338697
2.84	-0.360782
2.85	-0.382831
2.86	-0.404842
2.87	-0.426813
2.88	-0.448741
2.89	-0.470624
2.9	-0.49246
2.91	-0.514246
2.92	-0.535981
2.93	-0.557663
2.94	-0.579289
2.95	-0.600857
2.96	-0.622365
2.97	-0.64381
2.98	-0.665192
2.99	-0.686506
3	-0.707752
3.01	-0.728928
3.02	-0.75003
3.03	-0.771058
3.04	-0.792008
3.05	-0.812879
3.06	-0.833669
3.07	-0.854375
3.08	-0.874996
3.09	-0.89553
3.1	-0.915974
3.11	-0.936326
3.12	-0.956585
3.13	-0.976748
3.14	-0.996813
3.15	-1.01678
3.16	-1.03664
3.17	-1.0564
3.18	-1.07606
3.19	-1.09561
3.2	-1.11504
3.21	-1.13437
3.22	-1.15358
3.23	-1.17268
3.24	-1.19166
3.25	-1.21052
3.26	-1.22926
3.27	-1.24788
3.28	-1.26637
3.29	-1.28473
3.3	-1.30297
3.31	-1.32108
3.32	-1.33905
3.33	-1.35689
3.34	-1.3746
3.35	-1.39217
3.36	-1.40959
3.37	-1.42688
3.38	-1.44403
3.39	-1.46103
3.4	-1.47788
3.41	-1.49459
3.42	-1.51114
3.43	-1.52755
3.44	-1.5438
3.45	-1.5599
3.46	-1.57584
3.47	-1.59163
3.48	-1.60725
3.49	-1.62272
3.5	-1.63802
3.51	-1.65316
3.52	-1.66814
3.53	-1.68294
3.54	-1.69758
3.55	-1.71205
3.56	-1.72635
3.57	-1.74047
3.58	-1.75442
3.59	-1.7682
3.6	-1.7818
3.61	-1.79522
3.62	-1.80846
3.63	-1.82152
3.64	-1.8344
3.65	-1.84709
3.66	-1.8596
3.67	-1.87193
3.68	-1.88407
3.69	-1.89601
3.7	-1.90777
3.71	-1.91934
3.72	-1.93072
3.73	-1.9419
3.74	-1.95289
3.75	-1.96368
3.76	-1.97428
3.77	-1.98468
3.78	-1.99488
3.79	-2.00488
3.8	-2.01468
3.81	-2.02428
3.82	-2.03368
3.83	-2.04287
3.84	-2.05186
3.85	-2.06065
3.86	-2.06923
3.87	-2.0776
3.88	-2.08576
3.89	-2.09372
3.9	-2.10146
3.91	-2.109
3.92	-2.11633
3.93	-2.12344
3.94	-2.13034
3.95	-2.13703
3.96	-2.1435
3.97	-2.14976
3.98	-2.15581
3.99	-2.16164
4	-2.16725
4.01	-2.17265
4.02	-2.17782
4.03	-2.18279
4.04	-2.18753
4.05	-2.19205
4.06	-2.19636
4.07	-2.20044
4.08	-2.20431
4.09	-2.20795
4.1	-2.21138
4.11	-2.21458
4.12	-2.21756
4.13	-2.22032
4.14	-2.22286
4.15	-2.22518
4.16	-2.22727
4.17	-2.22914
4.18	-2.23079
4.19	-2.23221
4.2	-2.23341
4.21	-2.23439
4.22	-2.23514
4.23	-2.23568
4.24	-2.23598
4.25	-2.23607
4.26	-2.23593
4.27	-2.23556
4.28	-2.23498
4.29	-2.23417
4.3	-2.23313
4.31	-2.23187
4.32	-2.23039
4.33	-2.22869
4.34	-2.22676
4.35	-2.22461
4.36	-2.22224
4.37	-2.21965
4.38	-2.21683
4.39	-2.2138
4.4	-2.21054
4.41	-2.20706
4.42	-2.20336
4.43	-2.19944
4.44	-2.19529
4.45	-2.19093
4.46	-2.18636
4.47	-2.18156
4.48	-2.17654
4.49	-2.17131
4.5	-2.16586
4.51	-2.16019
4.52	-2.1543
4.53	-2.14821
4.54	-2.14189
4.55	-2.13536
4.56	-2.12862
4.57	-2.12167
4.58	-2.1145
4.59	-2.10712
4.6	-2.09953
4.61	-2.09174
4.62	-2.08373
4.63	-2.07551
4.64	-2.06709
4.65	-2.05846
4.66	-2.04962
4.67	-2.04058
4.68	-2.03133
4.69	-2.02189
4.7	-2.01224
4.71	-2.00238
4.72	-1.99233
4.73	-1.98208
4.74	-1.97163
4.75	-1.96098
4.76	-1.95014
4.77	-1.9391
4.78	-1.92787
4.79	-1.91645
4.8	-1.90483
4.81	-1.89302
4.82	-1.88103
4.83	-1.86884
4.84	-1.85647
4.85	-1.84392
4.86	-1.83117
4.87	-1.81825
4.88	-1.80514
4.89	-1.79186
4.9	-1.77839
4.91	-1.76475
4.92	-1.75093
4.93	-1.73693
4.94	-1.72277
4.95	-1.70842
4.96	-1.69391
4.97	-1.67923
4.98	-1.66438
4.99	-1.64937
5	-1.63419
5.01	-1.61884
5.02	-1.60334
5.03	-1.58767
5.04	-1.57185
5.05	-1.55586
5.06	-1.53973
5.07	-1.52343
5.08	-1.50699
5.09	-1.4904
5.1	-1.47365
5.11	-1.45676
5.12	-1.43972
5.13	-1.42254
5.14	-1.40522
5.15	-1.38776
5.16	-1.37015
5.17	-1.35241
5.18	-1.33454
5.19	-1.31653
5.2	-1.29839
5.21	-1.28012
5.22	-1.26173
5.23	-1.2432
5.24	-1.22455
5.25	-1.20578
5.26	-1.18689
5.27	-1.16788
5.28	-1.14876
5.29	-1.12951
5.3	-1.11016
5.31	-1.0907
5.32	-1.07112
5.33	-1.05144
5.34	-1.03165
5.35	-1.01176
5.36	-0.991772
5.37	-0.971682
5.38	-0.951494
5.39	-0.931212
5.4	-0.910836
5.41	-0.890369
5.42	-0.869814
5.43	-0.849171
5.44	-0.828443
5.45	-0.807633
5.46	-0.786742
5.47	-0.765772
5.48	-0.744725
5.49	-0.723604
5.5	-0.702411
5.51	-0.681147
5.52	-0.659816
5.53	-0.638418
5.54	-0.616956
5.55	-0.595433
5.56	-0.573851
5.57	-0.55221
5.58	-0.530515
5.59	-0.508767
5.6	-0.486967
5.61	-0.465119
5.62	-0.443225
5.63	-0.421286
5.64	-0.399305
5.65	-0.377284
5.66	-0.355226
5.67	-0.333132
5.68	-0.311004
5.69	-0.288846
5.7	-0.266658
5.71	-0.244444
5.72	-0.222206
5.73	-0.199945
5.74	-0.177664
5.75	-0.155366
5.76	-0.133052
5.77	-0.110724
5.78	-0.0883859
5.79	-0.0660387
5.8	-0.0436848
5.81	-0.0213266
5.82	0.00103374
5.83	0.023394
5.84	0.0457519
5.85	0.0681052
5.86	0.0904518
5.87	0.112789
5.88	0.135115
5.89	0.157428
5.9	0.179725
5.91	0.202004
5.92	0.224263
5.93	0.246499
5.94	0.268711
5.95	0.290896
5.96	0.313051
5.97	0.335176
5.98	0.357267
5.99	0.379322
6	0.401339
6.01	0.423316
6.02	0.445251
6.03	0.467141
6.04	0.488985
6.05	0.51078
6.06	0.532523
6.07	0.554214
6.08	0.575849
6.09	0.597426
6.1	0.618943
6.11	0.640399
6.12	0.661791
6.13	0.683116
6.14	0.704373
6.15	0.72556
6.16	0.746674
6.17	0.767714
6.18	0.788677
6.19	0.80956
6.2	0.830363
6.21	0.851083
6.22	0.871718
6.23	0.892266
6.24	0.912724
6.25	0.933091
6.26	0.953365
6.27	0.973543
6.28	0.993624
6.29	1.01361
6.3	1.03349
6.31	1.05326
6.32	1.07294
6.33	1.0925
6.34	1.11195
6.35	1.1313
6.36	1.15053
6.37	1.16965
6.38	1.18864
6.39	1.20752
6.4	1.22628
6.41	1.24492
6.42	1.26343
6.43	1.28182
6.44	1.30008
6.45	1.3182
6.46	1.3362
6.47	1.35406
6.48	1.37179
6.49	1.38938
6.5	1.40683
6.51	1.42414
6.52	1.44131
6.53	1.45833
6.54	1.47521
6.55	1.49194
6.56	1.50852
6.57	1.52495
6.58	1.54122
6.59	1.55735
6.6	1.57332
6.61	1.58913
6.62	1.60478
6.63	1.62027
6.64	1.6356
6.65	1.65076
6.66	1.66576
6.67	1.6806
6.68	1.69526
6.69	1.70976
6.7	1.72408
6.71	1.73824
6.72	1.75221
6.73	1.76602
6.74	1.77965
6.75	1.79309
6.76	1.80636
6.77	1.81945
6.78	1.83236
6.79	1.84508
6.8	1.85762
6.81	1.86998
6.82	1.88214
6.83	1.89412
6.84	1.90591
6.85	1.91751
6.86	1.92892
6.87	1.94013
6.88	1.95115
6.89	1.96198
6.9	1.9726
6.91	1.98304
6.92	1.99327
6.93	2.0033
6.94	2.01314
6.95	2.02277
6.96	2.0322
6.97	2.04142
6.98	2.05045
6.99	2.05926
7	2.06788
7.01	2.07628
7.02	2.08448
7.03	2.09247
7.04	2.10025
7.05	2.10781
7.06	2.11517
7.07	2.12232
7.08	2.12925
7.09	2.13598
7.1	2.14248
7.11	2.14878
7.12	2.15486
7.13	2.16072
7.14	2.16637
7.15	2.1718
7.16	2.17701
7.17	2.18201
7.18	2.18679
7.19	2.19135
7.2	2.19569
7.21	2.19981
7.22	2.20371
7.23	2.20739
7.24	2.21085
7.25	2.21409
7.26	2.2171
7.27	2.2199
7.28	2.22247
7.29	2.22482
7.3	2.22695
7.31	2.22886
7.32	2.23054
7.33	2.232
7.34	2.23324
7.35	2.23425
7.36	2.23504
7.37	2.23561
7.38	2.23595
7.39	2.23607
7.4	2.23596
7.41	2.23564
7.42	2.23508
7.43	2.23431
7.44	2.23331
7.45	2.23209
7.46	2.23064
7.47	2.22898
7.48	2.22709
7.49	2.22497
7.5	2.22264
7.51	2.22008
7.52	2.2173
7.53	2.21429
7.54	2.21107
7.55	2.20763
7.56	2.20396
7.57	2.20007
7.58	2.19597
7.59	2.19164
7.6	2.1871
7.61	2.18234
7.62	2.17735
7.63	2.17216
7.64	2.16674
7.65	2.16111
7.66	2.15526
7.67	2.14919
7.68	2.14291
7.69	2.13642
7.7	2.12971
7.71	2.12279
7.72	2.11566
7.73	2.10831
7.74	2.10076
7.75	2.09299
7.76	2.08502
7.77	2.07683
7.78	2.06844
7.79	2.05985
7.8	2.05104
7.81	2.04203
7.82	2.03282
7.83	2.0234
7.84	2.01379
7.85	2.00397
7.86	1.99395
7.87	1.98373
7.88	1.97331
7.89	1.96269
7.9	1.95188
7.91	1.94087
7.92	1.92967
7.93	1.91828
7.94	1.90669
7.95	1.89492
7.96	1.88295
7.97	1.8708
7.98	1.85846
7.99	1.84593
8	1.83322
8.01	1.82032
8.02	1.80724
8.03	1.79399
8.04	1.78055
8.05	1.76693
8.06	1.75314
8.07	1.73918
8.08	1.72503
8.09	1.71072
8.1	1.69624
8.11	1.68158
8.12	1.66676
8.13	1.65177
8.14	1.63662
8.15	1.6213
8.16	1.60582
8.17	1.59018
8.18	1.57438
8.19	1.55842
8.2	1.54231
8.21	1.52604
8.22	1.50962
8.23	1.49305
8.24	1.47633
8.25	1.45946
8.26	1.44245
8.27	1.42529
8.28	1.40799
8.29	1.39055
8.3	1.37297
8.31	1.35525
8.32	1.3374
8.33	1.31941
8.34	1.30129
8.35	1.28304
8.36	1.26466
8.37	1.24616
8.38	1.22753
8.39	1.20878
8.4	1.18991
8.41	1.17092
8.42	1.15181
8.43	1.13259
8.44	1.11325
8.45	1.0938
8.46	1.07425
8.47	1.05458
8.48	1.03481
8.49	1.01494
8.5	0.994962
8.51	0.974888
8.52	0.954716
8.53	0.934448
8.54	0.914087
8.55	0.893635
8.56	0.873093
8.57	0.852464
8.58	0.83175
8.59	0.810953
8.6	0.790074
8.61	0.769117
8.62	0.748082
8.63	0.726973
8.64	0.705791
8.65	0.684538
8.66	0.663218
8.67	0.64183
8.68	0.620379
8.69	0.598865
8.7	0.577292
8.71	0.555661
8.72	0.533974
8.73	0.512234
8.74	0.490443
8.75	0.468602
8.76	0.446715
8.77	0.424783
8.78	0.402809
8.79	0.380794
8.8	0.358741
8.81	0.336653
8.82	0.314531
8.83	0.292377
8.84	0.270194
8.85	0.247984
8.86	0.225749
8.87	0.203492
8.88	0.181214
8.89	0.158918
8.9	0.136607
8.91	0.114281
8.92	0.0919443
8.93	0.0695983
8.94	0.0472454
8.95	0.0248877
8.96	0.00252754
8.97	-0.0198329
8.98	-0.0421913
8.99	-0.0645455
9	-0.0868933
9.01	-0.109232
9.02	-0.131561
9.03	-0.153876
9.04	-0.176175
9.05	-0.198457
9.06	-0.220719
9.07	-0.242959
9.08	-0.265175
9.09	-0.287364
9.1	-0.309525
9.11	-0.331654
9.12	-0.353751
9.13	-0.375812
9.14	-0.397835
9.15	-0.419819
9.16	-0.441761
9.17	-0.463658
9.18	-0.485509
9.19	-0.507312
9.2	-0.529064
9.21	-0.550763
9.22	-0.572407
9.23	-0.593993
9.24	-0.615521
9.25	-0.636986
9.26	-0.658388
9.27	-0.679724
9.28	-0.700993
9.29	-0.722191
9.3	-0.743316
9.31	-0.764368
9.32	-0.785343
9.33	-0.80624
9.34	-0.827056
9.35	-0.847789
9.36	-0.868437
9.37	-0.888999
9.38	-0.909472
9.39	-0.929853
9.4	-0.950142
9.41	-0.970336
9.42	-0.990433
9.43	-1.01043
9.44	-1.03033
9.45	-1.05012
9.46	-1.06981
9.47	-1.08939
9.48	-1.10886
9.49	-1.12823
9.5	-1.14747
9.51	-1.16661
9.52	-1.18563
9.53	-1.20453
9.54	-1.2233
9.55	-1.24196
9.56	-1.26049
9.57	-1.2789
9.58	-1.29718
9.59	-1.31532
9.6	-1.33334
9.61	-1.35122
9.62	-1.36897
9.63	-1.38658
9.64	-1.40406
9.65	-1.42139
9.66	-1.43858
9.67	-1.45563
9.68	-1.47253
9.69	-1.48928
9.7	-1.50589
9.71	-1.52234
9.72	-1.53864
9.73	-1.55479
9.74	-1.57078
9.75	-1.58662
9.76	-1.6023
9.77	-1.61781
9.78	-1.63317
9.79	-1.64836
9.8	-1.66338
9.81	-1.67824
9.82	-1.69294
9.83	-1.70746
9.84	-1.72181
9.85	-1.73599
9.86	-1.75
9.87	-1.76383
9.88	-1.77749
9.89	-1.79096
9.9	-1.80426
9.91	-1.81738
9.92	-1.83032
9.93	-1.84307
9.94	-1.85564
9.95	-1.86802
9.96	-1.88022
9.97	-1.89223
9.98	-1.90405
9.99	-1.91568
10	-1.92711
